$ANSIBLE_VAULT;1.1;AES256
39373637316664626530623935373637663965373539663738613437333465383133666336656136
6637373731316430643466343661343666363838353535320a663630313131633461343631326561
35306236326463343738613138643933383863656563323332613238346464666530393735356137
3366303064333061380a643139636566353330333962623237396461383666333931363265393932
35623135626366656466663464303338303632376464366366613964373230643034306138643432
62363335626466643863613536353535313036643231636439343866653133613066303134363238
34376531376231633232386536363966346634636431343266306433326363323737363761616663
32363839363137396535383465346662633532616561666133343563363836303733313166313564
39373836353136346636393538666436373535353966313264306438653936393362393232333735
61656333373835396634646538333435346535383839386563393665643862336535613662656337
30306561343831313539656266623035373932663932653636633761333665393336333433366336
36393763323562306637343734383136353339366432386430646263393730663535646632633039
33633431636239356162323535356132316465616132663265343334346366663030373865333536
34656634313337333237633032643630383534336537363732373436643739383736396461656464
35396538396438313230303335623035303636356132313239646139623666316565663765333131
61623561363465623336613737313663393030346530656261373032393363663338373535616465
39343665306637373731333736393736366666373932663465343435326335303234623161316139
39633064313331643665643131333363366663303535633766303766343563346138313732663339
66396235396631306236356632383966663966373430343434396137633138616332326163636337
37633061636436303661326662616137326438383733336365663634616436383831356362393638
31343564333662653330343636613533326430663364353432393363623961343466306162383362
35666135396534393765343835373530613566646137666561366464323536663232643533313531
65323662356238303739623532326662613565383135613261313435616434363035396465356264
35303538376531366535316236396438343137303632373432373735656632633236346230656437
30376131353863363730333538623633616533633937633139383564616264363463636463386435
31636361326464363033353561666135316263633134313362366432656134343066316366393139
38303662623131653866356634653361383262313266306532663034313637666264653336313233
33363235303036356333313936373765343337306430623733646434613138386535623364643164
62346235333363643237336361613532373530333537316136383330373138336630393963636435
65323739363832653161303233663532666634376466306633323063323463333034333666353431
63363633666236386232393161313839646165653930623964663137353431613338646162313366
34633134323236353930386430346330656666623065343134376631633530376631613466626363
39386636346261363466663563313861333363386430303439356230636430623463613031643166
39663964386364656331356330333065366363383933313739613735303838383839393864303232
65636265393563316431383438336332633365626161613764623766343635346465646161663866
34323138343532616165663035343039616338646261383733376337373265616537626464393336
34343764376538336531333932633562383331306265316633363363303531346531313032636663
36373032323163623265643339303430386539306130323861646230643361366364343235333638
61376165643236616333326665653964643639636138656264646632623639656539653365393834
63663438396637313562343336363130333663323963356164353639653139343135633434346363
64653235396563386439353930636163363066376631383062383965386461353765356661366535
38386538373230333864383732343135333663383133366266616166393765363731343363313633
613434383531383739653061393061396466
