$ANSIBLE_VAULT;1.1;AES256
35373864643163623032323065613266663763646434333463623030343961316363386634323838
6139656135383963393365373132303437353830343730330a306364383262333332313462366533
33663131383639366137396632393964653437333935333664336432613766306331376265383231
6531313234376438350a383530333530343263316139356432656137396232336435663336373364
39366266653032336636626432363030386231326136656463386537363063326632306166613763
63316239653961326164353630326137323266393137663166653866353463306462313866613937
31613134373861333737376435616232343036353561313062643865323136623962333163323931
65653336663338383632313066356633383166353135373136333637323239333137623061336530
38393166323165383161313437373763366662653136333065396534396335336435613634303531
35613163663261383439386230303431643766386131396334373632633235326531623064383731
38366639643733353236336339653065306130306431356131303039383330653234333139663664
63643732383932363239346365646264333634396638623938366134306234323363663431626538
31373637386262316361623339333734373130613234366134343133643361353334
