$ANSIBLE_VAULT;1.1;AES256
34356138626261303836323936313936366363343662663865313831366531393335626665616364
3339613264303139613733663766313832396333653232640a366238653331366332376662393763
61393839626262323137366536336433316466653761393931343430336635363038653434313266
6565633363303233300a356330356466373930363635653862313263646430333366383830656261
33336532623536353238356436653262326236643061326565656336633137663631303064643637
32376665376330303732363533303434366639623533346531663936386238303233633139623530
39366435353938356130656130363934363438643466623433393565303536653536383861653732
36376562623536343735396166393238623532323738643231633763663364626330356364353363
62333432376637646438666365643431646563326634333438643339363332373037643531313639
61363138623535633834386130323832613332663563306237363939323964366238326336653064
66336266373365336539336539343264303432636432653266666630316264383033616533313030
66396163656232363936356636346466386465396130636437386235653338363562363064343263
36663436396630623633643262393562653736623366363033386135353135636638656231623030
61303163313830313530613239633835363461343532363263363962666339663836316437333566
30616631306165393338633634373831373063346565616634333536666463396430363138626630
30313333313964393733323635363666383938373964366564353136386132323031363166353235
64373531323630626666343365356139313163666465663439316236356464306238303464323134
36613339333438396530383234323434343036306163333363363832643333316462653866396639
66383437613764303535653839346663316338376233666539366438666361636263633434336562
32623263663133303366653939333638663839393864363631633264363435633962396639313239
33343939306235616634633136353634303966356231663434373964636262633637373662373463
3566666634663961303764313366623730326236363839386664
